-0.0007657496 0.17394072
-0.21798776 0.56760454
-0.095410645 0.28829625
0.12175406 0.6448323
0.07633553 0.51839817
0.080464385 0.4740005
-0.07179582 0.47105533
0.05946761 0.4993628
-0.026190666 0.44838133
-0.22814137 0.36445624
0.1893595 0.3581724
0.18630785 0.66604424
0.14995939 0.50314844
-0.0030822435 0.3764546
0.38247502 0.16813
-0.37568834 0.6159552
0.057351813 0.48834357
-0.06163551 0.49581394
0.043965653 0.51314616
0.045477834 0.39109272
0.026646946 0.54814553
-0.046389922 0.47804704
0.015046675 0.5231306
-0.1727662 0.37652582
0.15228283 0.5055514
-0.08718123 0.5338709
-0.024535716 0.5309695
-0.01178922 0.49526653
-0.03992468 0.47961658
-0.056451168 0.47394228
-0.12961082 0.29506713
0.08883452 0.5134491
-0.17225651 0.54393256
-0.11236101 0.33363798
-0.04057206 0.49599606
0.05914688 0.5321519
-0.027296236 0.4982129
-0.030949177 0.35610682
-0.0845123 0.48002905
-0.031881936 0.3586254
0.15190266 0.554726
-0.06411044 0.38432258
-0.17110032 0.41764808
0.05939066 0.50108993
-0.07747892 0.46296835
0.020673608 0.512544
-0.071498476 0.4888258
-0.044583514 0.42626157
-0.17593867 0.4447384
0.25007024 0.5042029
-0.20463175 0.31457156
0.1846713 0.5386148
-0.004637079 0.48490596
0.07654418 0.5113321
-0.12342739 0.37035495
0.13678975 0.35326535
-0.20199789 0.25716674
0.0010265664 0.5297405
0.08195687 0.34633148
-0.93897986 0.56950355
-0.2556014 0.57481825
-0.10689062 0.34098214
-0.113720454 0.41630545
0.011334763 0.5783658
-0.067681454 0.5292758
-0.046603855 0.5013087
0.0058177016 0.24998567
-0.14283532 0.3380266
-0.02483141 0.49874297
-0.043644134 0.4739318
-0.0674593 0.5104407
0.057376195 0.5199503
0.11105708 0.4486565
0.08968947 0.58092475
-0.008504176 0.4973368
0.051592223 0.49163
-0.07812797 0.5137025
-0.05575627 0.5024498
-0.033540864 0.49530888
0.034737505 0.50539184
0.01660614 0.4419962
-0.0018355354 0.5027138
-0.026922919 0.4901914
-0.07956004 0.5084499
-0.05670332 0.5107172
0.016654167 0.4904572
-0.022868114 0.49863172
-0.013885336 0.46662745
-0.0071190656 0.50482213
0.056273833 0.49624354
0.025966376 0.4815012
-0.17156354 0.48778453
0.11324011 0.39273018
-0.14970584 0.5544835
-0.110246204 0.43497968
0.075866826 0.42010945
-0.16484416 0.5748466
0.049415883 0.5118176
0.08776599 0.49253926
-0.0010777453 0.5232749
0.01640828 0.38452643
-0.023616832 0.44315273
-0.25116283 0.5192249
-0.061726283 0.43990964
0.08032843 0.40418896
-0.09023479 0.56389797
-0.053641923 0.48144165
0.15177472 0.5426186
-0.08573226 0.47619048
-0.22343516 0.52787274
0.07977872 0.29519048
-0.11350182 0.34587148
0.05951237 0.3837107
-0.2258288 0.23207214
-0.5986074 0.57638323
0.17811356 0.5712191
0.21067803 0.45891276
-0.18643229 0.5041458
-0.20098206 0.49473062
0.17570452 0.25830975
-0.14194614 0.45354342
0.10049807 0.21991906
-0.40457296 0.53249896
-0.031390313 0.5610959
-0.00026792573 0.4899021
-0.07351723 0.49776012
-0.14580181 0.32228464
-0.1731495 0.20099148
-0.48022175 0.5312455
0.05730394 0.41609794
0.35053265 0.24262694
-0.1358474 0.5445357
0.22129127 0.5243012
-0.42076802 0.5073513
0.7181159 0.59591645
0.29001468 0.44480458
0.08616438 0.19612457
1.7652937 1.3192577
1.0345283 0.7634222
0.50007343 0.5783344
0.1289185 0.5169445
-0.061147716 0.40281925
-0.24036372 0.21848476
-0.10907067 0.47567755
-0.09125297 0.5545815
-0.11721802 0.47833318
-0.14152998 0.5620397
0.08005026 0.53534806
-0.010364989 0.47047716
0.118944354 0.48796153
0.07908668 0.50491065
-0.026980128 0.49975294
-0.04208676 0.49380904
-0.036509156 0.3894878
-0.08484397 0.38601637
0.17111081 0.63207555
-0.09325812 0.4745639
0.05436835 0.53225666
0.0040697167 0.43140116
0.18905304 0.4444314
-0.011150663 0.4858993
-0.07971668 0.49577618
-0.105748646 0.5029382
0.004128398 0.41544843
-0.06546213 0.47886926
-0.15084046 0.5059559
-0.088186026 0.4998885
-0.026254006 0.5027111
-0.02833651 0.4830884
-0.04696794 0.47863302
0.03371079 0.47872764
-0.18959041 0.5012551
-0.076393 0.37890628
0.10329534 0.36520934
-0.18349259 0.44062623
0.08999678 0.49573222
-0.04904415 0.33360165
0.103320785 0.53004074
0.0145647265 0.27821267
0.53574616 0.5716511
0.34491387 0.3544296
0.2381251 0.36794087
-0.14654753 0.57067555
-0.002776213 0.47691384
-0.16870746 0.46101823
-0.11382381 0.49165803
0.1308047 0.47629604
0.016307848 0.50267464
-0.14516336 0.5345532
0.19596113 0.37969697
0.32486835 0.5009156
0.09694678 0.35803884
-0.11660189 0.5341505
0.14510934 0.3563634
-0.29985976 0.58123165
-0.13595945 0.38040057
0.23630066 0.5519134
-0.123613894 0.5824617
-0.0928111 0.40918693
0.08189418 0.44169965
0.088161945 0.5199152
0.09984131 0.51990366
0.029111443 0.23156586
-0.1688735 0.13436514
0.6170581 0.6277607
-0.319319 0.12778986
0.5691338 0.64036894
-0.5446251 0.66048485
-0.27589053 0.33829707
-0.32230073 0.50806546
-0.17364872 0.4029561
-0.37085378 0.38104993
0.20445572 0.596752
0.02513588 0.4575123
0.023698151 0.3246614
0.3457516 0.5262228
0.35646757 0.49698153
0.10037785 0.49914998
0.0785932 0.44842377
-0.0629411 0.48405772
0.07292458 0.42976108
-0.06960994 0.48924047
-0.025765942 0.5042205
0.13245736 0.4879337
0.1389841 0.48501492
-0.048236948 0.39779806
-0.5643856 0.30385026
0.85964966 0.7017869
0.7943531 0.5455953
0.47152027 0.41324195
0.18328182 0.49950156
-0.052598406 0.53606933
0.034967694 0.5591703
-0.14808235 0.21933322
-0.17081438 0.38515982
0.51063377 0.28912348
-0.43533668 0.47855034
0.3707418 0.5170655
-0.00977941 0.49644262
0.12327727 0.37879848
0.0065782694 0.4896404
-0.10628191 0.52818835
0.05136915 0.49170715
0.079599425 0.5036191
-0.0017399836 0.36222807
0.20651378 0.48159355
0.009953149 0.4846855
0.20296432 0.48199162
-0.0037124231 0.5180034
0.04921648 0.51197505
0.11177502 0.3909669
0.16558386 0.48931757
0.27099833 0.5566463
0.3109231 0.39299634
0.15287341 0.54629767
-0.0006766117 0.4543274
0.1787255 0.50881684
0.2173662 0.5159204
0.071566045 0.5142508
0.25746617 0.4585236
-0.1170079 0.48211807
0.1581838 0.484737
-0.03245139 0.44437367
0.06500717 0.46130103
-0.01717983 0.4878165
-0.007914809 0.45697707
-0.035995316 0.4681732
-0.058996826 0.4674291
-0.08735683 0.5118172
-0.12468752 0.43530506
0.15428057 0.44647527
-0.07474108 0.50306785
-0.1965392 0.22913067
0.034250103 0.45667058
-0.02122388 0.50583565
-0.12761351 0.39889008
-0.7350111 0.17415243
-0.69217885 0.9738046
-0.44615105 0.5923715
-0.33178386 0.5300709
-0.08622906 0.4819251
-0.058013927 0.44334692
-0.03573299 0.47450343
0.026904812 0.4867186
-0.017517973 0.37666434
0.06990946 0.46049252
0.009257068 0.48159847
0.0763316 0.4863553
0.036156006 0.4846128
-0.1979062 0.5098685
-0.26873884 0.39060238
-0.101608895 0.51861405
0.07586002 0.5236404
-0.049251996 0.52451044
0.13199191 0.2533694
-0.17065229 0.4077124
0.14596435 0.539255
-0.41272438 0.41842157
0.40613002 0.39970136
0.51462334 0.5326489
0.20034167 0.4385274
-0.0960236 0.47981668
-0.41928077 0.12164688
0.7505541 0.58198106
0.8896725 0.56291753
0.22166274 0.6208075
0.11818752 0.51218176
0.09166588 0.48629898
0.1519139 0.3372979
0.00037190915 0.25980824
0.35445282 0.5135575
-0.21567841 0.41427535
-0.27381977 0.533434
-0.06302267 0.30729294
-0.24726321 0.69128597
-0.13197836 0.541508
0.04787739 0.48044467
0.010128519 0.45409694
-0.22067751 0.50465775
-0.10602576 0.48332945
0.21361487 0.58033293
0.23022863 0.45363912
0.17277408 0.19873153
-0.3927158 0.51632804
-0.021897154 0.48893076
-0.0259698 0.43108827
-0.009253313 0.46714154
0.028887022 0.3653764
-0.12993205 0.5391567
-0.07868316 0.39815515
0.031142943 0.5310413
-0.02425102 0.43964657
-0.15481813 0.394586
-0.30666655 0.5080786
-0.23362787 0.4165786
0.115291975 0.41918588
-0.00037718035 0.42710322
0.09089343 0.25211865
0.08209149 0.25831106
-0.15650861 0.52070236
0.027820474 0.5549701
-0.23603353 0.45087537
-0.093981765 0.54353714
-0.25382152 0.0502644
-0.041566797 0.511394
0.053255655 0.43800053
-0.1832659 0.54053295
0.09381677 0.36206895
-0.031948596 0.54217035
-0.025462646 0.49619514
0.15321638 0.49430194
-0.27355808 0.48504144
0.25192252 0.491615
0.034980457 0.40869302
-0.016453171 0.35074827
-0.218995 0.43721646
0.026874343 0.49102193
0.2279242 0.52297825
0.3986254 0.4829108
-0.19912201 0.33637002
-0.14670373 0.42433715
0.04832906 0.36520737
-0.007057647 0.5781918
0.11295654 0.5405276
0.1724376 0.4853955
0.1229406 0.24050088
1.121775 0.79428965
0.6808557 0.5259082
0.38907194 0.66155803
0.06150516 0.5245139
0.03918837 0.48111445
-0.058023624 0.18957834
0.67653394 0.4859282
-0.3525366 0.34150547
-0.51518303 0.21857266
-0.001146892 0.6438559
-0.032094955 0.41470486
0.09236842 0.54781973
-0.44677493 0.16165753
1.5410098 1.0315396
0.7448586 0.5207155
-1.0647969 0.75579876
-0.32306764 0.5636602
0.13150734 0.5716025
0.34968722 0.57092124
-0.07398035 0.032398578
1.0979844 0.6973247
0.122068614 0.5170914
-0.08333871 0.46638602
0.18749146 0.33330038
-0.08626362 0.32785413
-0.12315254 0.57923734
0.06035893 0.16176799
-0.34829792 0.4679355
-0.30175376 0.64661616
-0.030989047 0.20953631
0.24662466 0.44982472
0.056118578 0.5977253
0.092953265 0.21019907
0.30345827 0.44370383
-0.10036862 0.5506924
0.15241355 0.27097082
0.030656122 0.62720877
0.0740968 0.12701963
0.46313056 0.3980026
0.22131214 0.38059282
-0.22554827 0.46539244
-0.14441746 0.44190463
-0.5733525 0.77960986
-0.022381375 0.35375428
0.004553322 0.34117547
0.035243805 0.59092367
0.119100995 0.55131996
-0.13651538 0.10582783
0.048769828 0.51811665
0.10130187 0.40170994
0.0075922823 0.4690473
0.040870886 0.26734385
0.36564186 0.44519347
0.19475745 0.43312138
0.038958207 0.47976094
0.0017446547 0.362378
1.0057577 0.55103606
-0.6866159 0.70625323
-0.516394 0.5693674
-0.26156107 0.44794807
-0.089480884 0.5014101
0.28144827 0.65116125
0.18997967 0.5033127
-0.11104035 0.44164187
-0.0050040125 0.43311277
-0.2894488 0.13473564
0.61358285 0.61922944
0.4383816 0.53630567
0.16721362 0.53367436
-0.095944725 0.5604593
-0.3259627 0.18608265
-0.51960844 0.52944636
-0.044752933 0.41487783
0.09289109 0.4187158
0.05496607 0.27150318
0.25730023 0.4951365
0.27147436 0.23380291
0.8466041 0.450615
0.33154535 0.54304045
0.31766957 0.245875
0.1352625 0.45219475
0.14991942 0.59757316
-0.08507243 0.52991366
-0.04509919 0.29517025
0.27081448 0.38451424
-0.016617626 0.50731146
0.18185313 0.43035144
0.22078294 0.49834546
0.17959027 0.25861728
-0.22299556 0.34672675
-0.3190376 0.57745796
-0.011728861 0.4521051
0.15857543 0.59066516
0.24457073 0.36486864
0.17701311 0.5039755
-0.20751463 0.3384638
0.52367365 0.45775294
1.0138242 0.57417136
0.18938652 0.3790595
-0.11463352 0.42557663
0.31357506 0.5065211
-0.15646586 0.37831897
-0.074820176 0.4720916
-0.09885538 0.48019394
-0.13952383 0.45227045
0.037327472 0.5105349
0.1388264 0.5274042
-0.06886406 0.49645814
-0.0808558 0.46420678
0.1013044 0.46884614
0.106822625 0.48407707
-0.48089704 0.43193588
0.26924577 0.44207874
0.13413699 0.5279046
0.14407133 0.51757514
-0.095107 0.52455574
0.018750528 0.35093746
0.05487371 0.2515425
-0.6417093 0.48263502
-0.06364038 0.627318
0.15199265 0.4940011
0.454858 0.47210163
0.32922208 0.39542764
0.29092523 0.5600166
0.20263283 0.5025655
-0.18216588 0.54030025
0.011867089 0.48565596
-0.0021899012 0.4345376
0.19513294 0.30263883
0.07718089 0.18385495
0.353028 0.15125392
0.95686936 0.64216506
-0.4596876 0.55310506
-0.68837273 0.63013184
-0.44896156 0.50581634
-0.23039934 0.2719993
-0.02406367 0.5661456
0.10664412 0.54990137
0.12332422 0.47413558
-0.05933248 0.53467625
-0.045892235 0.38336796
0.49438268 0.47859997
-0.020743411 0.5690659
-0.11088722 0.48640227
0.0995273 0.11185511
-0.104269125 0.7510517
-0.12658355 0.52730656
-0.034013253 0.3995139
0.10663707 0.5770861
0.003353526 0.46343517
0.012297167 0.5469213
-0.1434115 0.24916074
0.06915415 0.45146856
0.10101593 0.3439768
-0.32948846 0.4384039
0.1907456 0.10873121
-0.12387884 0.5665869
0.45476544 0.45517302
-0.13753812 0.54709905
-0.35972312 0.2718774
0.2244358 0.30883947
0.21614784 0.47643775
0.24616532 0.60245335
0.13443163 0.47158855
0.128258 0.51422065
-0.016961861 0.42359027
-0.0022370582 0.5025125
-0.04662006 0.48200956
-0.5285896 0.36240488
-1.0888789 0.45132405
-0.54832625 0.6416517
-0.014218539 0.66701114
0.22304636 0.5198412
0.22915827 0.5094273
0.12583683 0.51069266
0.045862135 0.5040012
-0.024412734 0.4705502
-0.42087045 0.5144367
0.15157172 0.4881373
0.123911224 0.44797787
0.034063213 0.47500196
-0.03633419 0.45434627
0.06649868 0.46182433
0.04416585 0.438685
-0.19706194 0.48419446
-0.1266356 0.55178577
0.02017264 0.53374934
0.10315669 0.52203995
0.19381931 0.4978149
0.22535497 0.4884861
-0.028879648 0.40442672
0.022528442 0.53105813
-0.13417782 0.5032731
0.18192744 0.56477267
0.10180039 0.49642366
0.09725643 0.38323754
0.16097946 0.30893138
-0.014942517 0.15523103
-0.21360317 0.4338525
-0.14898933 0.5527171
-0.058553163 0.5146144
0.010163875 0.45347118
0.13669358 0.4764062
0.08277767 0.4570322
0.10913806 0.3132506
0.24638443 0.526054
0.27641228 0.58018124
0.16061793 0.5660336
0.030191965 0.46231937
-0.030105436 0.5469751
-0.04190495 0.48244843
0.016034326 0.51990354
0.009707512 0.50380296
0.003492496 0.50031257
0.019930283 0.50036705
0.029399961 0.48876208
0.014758089 0.4705451
-0.022848424 0.50106436
-0.08022491 0.41786218
0.025049273 0.5235176
0.07862261 0.49939853
0.12519547 0.5003463
0.07555853 0.48184013
-0.010878543 0.5050249
-0.067704625 0.52960914
0.008089897 0.5037959
-0.058160946 0.51212883
-0.04186889 0.48591152
-0.0023584876 0.4671491
0.26544097 0.5182382
0.10082513 0.48929816
0.085523106 0.43025598
0.01850207 0.48256415
0.023055555 0.4935173
-0.036438987 0.4979848
0.0072783846 0.482771
0.009217598 0.42203754
-0.033675883 0.49219528
0.00019548157 0.4866569
-0.019871408 0.49468437
-0.09194844 0.43089
-0.24741976 0.46048975
-0.08403491 0.5073322
-0.086261794 0.43818617
-0.0068522356 0.49002543
0.006756495 0.4447175
0.015902568 0.40274268
-0.15682265 0.2549458
0.054277685 0.38619885
0.024584813 0.52610224
-0.08233231 0.44948405
0.17078595 0.35346442
-0.04869632 0.5958759
-0.027507871 0.48244184
0.08876087 0.36797208
-0.033888858 0.53922474
-0.056937274 0.40432587
0.033373516 0.55909985
-0.038110297 0.4828477
-0.009278506 0.25009316
0.13284712 0.5114803
0.22792079 0.43917924
0.06078758 0.2530076
-0.025278216 0.25111678
-0.99760866 0.30264843
0.6340238 0.5481736
-0.012200355 0.52595925
0.050027538 0.50112885
-0.11379051 0.46717095
-0.099864416 0.49777874
0.12097491 0.43856868
-0.1004195 0.34571376
-0.06712161 0.34750766
0.2492932 0.5145931
-0.11726928 0.50689507
0.06675948 0.28924564
-0.14963996 0.44476637
0.11082437 0.57442164
-0.072930776 0.42966682
0.07640986 0.58608353
0.17682283 0.312047
-0.062172934 0.5127339
0.0142400125 0.5303444
0.015390809 0.49467453
0.026476415 0.4623638
-0.16318871 0.4934063
0.16178522 0.49947277
-0.17248826 0.43396258
-0.046121866 0.49705952
0.051871467 0.50501764
-0.31186783 0.5272994
-0.2680769 0.48391804
-0.019262318 0.49983153
-0.021152887 0.5080081
0.08096966 0.50424826
0.26182064 0.49430045
-0.11395626 0.6204255
-0.11657932 0.48745424
-0.12072228 0.4588986
-0.015089788 0.49221674
-0.023225876 0.416722
-0.06008741 0.48388427
-0.022301955 0.4642915
0.037166618 0.511429
0.01486298 0.41444382
-0.13642153 0.51272094
0.014274114 0.4982043
