-56.505047988891604 1103.63076171875
-37.950524139404294 211.6060363769531
-30.30232925415039 145.18763122558593
-36.626017570495605 225.1832244873047
-29.699510955810545 171.4711471557617
-27.527280807495117 281.625910949707
-15.394585800170898 59.5074161529541
-2.078823411464691 13.796894931793213
-8.205701923370361 45.65102672576904
-2.4854623556137083 77.97112693786622
-3.264437437057495 27.104329299926757
2.693634510040283 122.14066772460937
-2.6024978160858154 45.19689521789551
-31.59122371673584 69.30790691375732
-3.389896607398987 5.077430701255798
2.476273536682129 9.542694473266602
5.902933359146118 11.632273960113526
4.951851654052734 17.695147228240966
-1.1664384186267853 35.54791946411133
-5.122646856307983 24.56558017730713
-19.229576301574706 179.83130645751953
-9.144746685028077 35.83276100158692
-34.3757568359375 264.3991584777832
-14.700267696380616 32.57418346405029
0.5923762083053589 68.22905778884888
-13.148696517944336 40.16242980957031
-10.647180366516114 131.85599899291992
1.512672746181488 25.434221172332762
-9.07036600112915 23.432991981506348
5.201010274887085 31.826743125915527
0.5977714955806732 6.168697094917297
-10.461171531677246 67.14995613098145
-10.986284255981445 28.402354049682618
-1.5498067259788513 10.535336637496949
-8.85295238494873 153.5838363647461
-8.700374126434326 6.243592524528504
-7.956290245056152 41.48985748291015
-8.845932817459106 116.83977432250977
-5.349285554885864 34.38074550628662
-6.86294002532959 19.215929222106933
-0.40370395183563235 4.7295613288879395
-5.314911413192749 137.78986053466798
0.4696685910224915 4.43707971572876
-0.933036345243454 5.445143842697144
-12.657955646514893 35.08151016235352
-7.403961944580078 24.82042016983032
-3.2151851415634156 26.416400146484374
-1.4796661376953124 15.81218900680542
-4.0207925796508786 20.073428106307983
-10.232850360870362 12.44713020324707
-24.816418838500976 175.83752822875977
-6.745406913757324 19.34270315170288
1.1651465177536011 42.11680183410645
-14.893524932861329 42.65432586669922
-0.5732988059520722 15.739126205444336
-8.29930682182312 169.93135986328124
-5.558354759216309 21.77760543823242
-7.257250070571899 29.587909126281737
-3.3237607717514037 14.18742914199829
-3.1037320852279664 8.991581678390503
0.7219281911849975 25.40736331939697
-4.914478540420532 17.240331840515136
-4.513122081756592 29.196614095568656
-14.634037971496582 51.692448425292966
-10.50206880569458 65.67829093933105
-10.57407865524292 17.23370361328125
-19.403343963623048 59.44123916625976
