-113.4060905456543 1539.2470581054688
-102.96749954223633 2483.692138671875
-73.18991012573242 973.8793334960938
-59.96767730712891 605.1365783691406
-24.540435600280762 228.15722045898437
-33.87080841064453 193.57445678710937
-31.606158447265624 514.2204223632813
-26.3845516204834 187.2952423095703
-52.921465682983396 613.6034362792968
-42.13114967346191 321.4411376953125
-38.32700309753418 907.0124938964843
-54.63805084228515 1192.8245361328125
-13.545038414001464 185.2139678955078
-24.439370536804198 130.9521469116211
-20.77773971557617 138.4634132385254
-19.18188762664795 102.07239379882813
-12.514591026306153 105.55616111755371
-9.117636775970459 43.78058853149414
-34.15528678894043 289.6472534179687
-3.1212719202041628 55.19911346435547
-16.740549278259277 138.1241714477539
-41.383050537109376 730.3774169921875
-16.994775199890135 48.21212272644043
-64.84776496887207 272.1883026123047
-53.965952682495114 455.0687286376953
-14.777743816375732 173.26180419921874
-10.735663890838623 64.6884922027588
11.992701435089112 149.9098922729492
15.92537899017334 87.75140800476075
-41.42407760620117 229.88211364746093
38.81105117797851 83.9535743713379
-18.6343563079834 41.109903717041014
35.8006233215332 330.6166595458984
24.766806411743165 266.4861602783203
7.427310276031494 23.387882423400878
-52.64212532043457 172.86569213867188
32.745086669921875 317.1448608398438
6.1557292461395265 29.387814331054688
-4.00560736656189 202.0972885131836
-8.025899124145507 9.72537112236023
3.9097466468811035 21.553961944580077
-4.95817379951477 38.45326652526855
-80.98307037353516 608.1795684814454
1.2621381424367428 125.58261032104492
18.224861431121827 98.64441986083985
17.617220306396483 279.2482147216797
6.389987325668335 21.14376621246338
-28.86923828125 372.97206115722656
9.240262603759765 34.99737339019775
-31.051432037353514 153.14289932250978
17.684321022033693 67.28931617736816
9.945668601989746 200.31866760253905
-6.083259582519531 25.951629638671875
9.11738338470459 98.85224304199218
8.5162832736969 67.79226837158203
-32.04066410064697 157.1734275817871
5.993926137685776 82.41794853210449
13.190030765533447 39.64622955322265
0.9242913484573364 67.53102340698243
8.281626129150391 48.066186141967776
4.34133882522583 47.95060844421387
-2.6932775259017943 199.1720718383789
7.038368797302246 26.54265089035034
12.549254322052002 14.153983116149902
19.012575149536133 38.68863849639892
9.013529777526855 15.277985763549804
8.63315200805664 20.179376316070556
15.189838409423828 65.99847640991212
-2.524580383300781 21.24831862449646
5.749269771575928 13.44575047492981
13.549387645721435 9.442230033874512
5.982416391372681 27.204788970947266
15.607851791381837 129.01319046020507
-0.08195239771157503 98.99304885864258
10.708313941955566 109.7919204711914
-16.08457555770874 107.61854858398438
17.914327239990236 17.77217216491699
9.669257164001465 13.80284833908081
-24.005583095550538 33.54873504638672
18.682622146606445 135.08455429077148
5.595108079910278 64.47736473083496
9.02631664276123 22.662806034088135
-154.35002460479737 67.49349708557129
36.10451717376709 17.570803546905516
11.602676391601562 24.089024162292482
-26.496561813354493 77.93387031555176
15.45848217010498 81.9289493560791
-0.7573284685611725 0.1447951331967488
-5.501372671127319 18.39055528640747
28.52477912902832 112.2952163696289
-22.114031982421874 178.94839401245116
15.276443481445312 162.7621063232422
12.50066556930542 169.436124420166
-18.53664894104004 217.954679107666
-1.9971830110996962 218.11318817138672
0.0015702899545431137 91.78188819885254
-33.683314037323 152.57025222778321
15.485037755966186 184.2639587402344
0.5223370552062988 35.83499412536621
9.719682502746583 43.30521850585937
-19.156014251708985 35.14575481414795
-632.9308557987213 3.5867850482463837
-35.48235874176025 437.01181411743164
16.415791702270507 63.56763954162598
7.379294347763062 42.264043998718265
4.7388880252838135 42.61536712646485
-25.023884773254395 323.63148345947263
4.827935981750488 87.96391372680664
18.07726354598999 47.030028343200684
13.645709705352782 37.30992946624756
-9.313240337371827 223.61947021484374
-9.405954265594483 47.233829498291016
-2.4332006216049193 65.98469543457031
-8.798074531555176 12.795273971557616
4.489397144317627 28.029541206359863
-22.12473087310791 171.87266998291017
-4.045609617233277 29.590221214294434
1.4069210410118103 22.34488344192505
-41.69670066833496 179.82501831054688
20.920330715179443 93.0042823791504
-3.794945549964905 50.70269546508789
1.8424290895462037 116.18054504394532
-5.3635650157928465 6.0347206592559814
-12.782934379577636 260.5410751342773
-0.5319693207740783 36.30601768493652
8.988845443725586 13.982831573486328
3.2482322454452515 64.68192977905274
-33.01013107299805 136.07237548828124
-1061.88509683609 112.85464935302734
9.461828374862671 11.791934633255005
-27.677178382873535 104.6178134918213
25.727515029907227 25.814802742004396
8.043736505508424 6.491958713531494
12.96870927810669 11.260301446914672
4.777230215072632 52.4132698059082
16.812021827697755 17.274128913879395
12.760194110870362 52.01606903076172
4.50742654800415 48.14785747528076
9.15532054901123 47.24972915649414
2.5378682374954225 7.497985553741455
0.7487592905759811 10.137109756469727
-0.03541390895843506 30.774186515808104
7.0456946849822994 36.67774658203125
-14.640521049499512 308.36566772460935
-9.026117038726806 23.609871292114256
-0.7878417432308197 22.15218906402588
-0.8894484281539917 104.2622857093811
-3.444213891029358 23.31159257888794
12.320050907135009 67.1083381652832
5.606066942214966 8.337260437011718
2.9232781410217283 61.37737693786621
-10.724156951904297 37.307708740234375
3.454538631439209 12.449023962020874
3.820392441749573 17.16765413284302
3.811079168319702 40.327761840820315
2.4213198900222777 1.0347484588623046
-6.681204032897949 52.954077911376956
-13.262311553955078 28.201186752319337
0.8353085696697236 3.3086209297180176
15.704290199279786 15.314752674102783
-6.682721138000488 9.939913415908814
2.4623508930206297 15.80580415725708
4.895958185195923 18.712056827545165
-3.822380042076111 14.302149868011474
-8.446127271652221 294.32801818847656
4.146814846992493 7.364270305633545
9.278273487091065 5.132433748245239
9.667791223526 45.499456787109374
-0.25888973772525786 50.30753021240234
-0.40364882349967957 15.796327590942383
7.384215593338013 39.215711975097655
3.319900393486023 14.274703788757325
4.6901486158370975 9.175217580795287
0.9405184864997864 499.9649627685547
4.622074937820434 18.633817863464355
3.135309362411499 18.25846710205078
-5.734420824050903 15.476224994659423
-1.0969724297523498 49.579580307006836
10.028639316558838 29.113390922546387
8.010963201522827 27.009690475463866
17.75686721801758 344.2889831542969
7.4625622749328615 18.608653450012206
7.273332023620606 8.505855941772461
1.9358815193176269 4.976850616931915
0.5161534219980239 76.21907272338868
-0.13895080983638763 72.39630165100098
5.122308301925659 5.018762540817261
1.520641016960144 3.4700711727142335
2.7785924673080444 159.2755111694336
-2.6265721321105957 72.50699043273926
8.071311473846436 15.588232612609863
-2.0005294561386107 25.12839698791504
9.864771461486816 19.36324100494385
4.936900234222412 25.99016914367676
-6.983754110336304 16.114299869537355
-4.973790097236633 7.039024496078492
3.7320288896560667 5.741787910461426
-11.44731969833374 65.89896621704102
6.893893766403198 116.60154647827149
-1.6161916255950928 7.52013521194458
3.3381758451461794 36.1879264831543
0.25024366974830625 10.132020378112793
-5.779563283920288 13.378896903991699
8.312044239044189 37.57577342987061
-3.907540810108185 112.40641021728516
-1.9043869614601134 47.98324718475342
5.616934061050415 3.1070699393749237
1.5006688237190247 136.50351104736328
-9.166308999061584 32.36751747131348
9.194966793060303 17.978689098358153
6.6567004203796385 3.7354543805122375
-2.2177846670150756 46.711473083496095
9.82776050567627 20.37058753967285
3.482338571548462 12.230547428131104
6.5339714050292965 19.537635040283202
4.195993804931641 19.919755935668945
-6.574505805969238 12.9964768409729
-13.025426197052003 219.68261260986327
-13.652259063720702 296.3874053955078
-8.030267667770385 294.59737091064454
12.079807901382447 61.718414306640625
12.719104862213134 82.80786933898926
27.306857299804687 54.21256046295166
1.8772239327430724 36.73661632537842
12.981707954406739 106.35791091918945
4.471319496631622 25.87373580932617
7.403251767158508 83.8543815612793
4.858608770370483 33.18115940093994
3.782041573524475 11.762419986724854
8.00274567604065 9.345336818695069
6.520136404037475 6.083424592018128
6.568080997467041 41.69428939819336
13.434537410736084 19.611068201065063
-2.7767332553863526 38.353573608398435
5.399535083770752 8.020247650146484
-19.158938217163087 91.80274200439453
4.800235033035278 1.8577439129352569
15.707525062561036 57.922677230834964
8.872197818756103 22.756591701507567
15.77540454864502 64.65582466125488
17.951317596435548 22.64880237579346
-9.793654012680054 24.120736932754518
2.8061514377593992 116.42998847961425
-2.50511873960495 81.55630340576172
8.042749834060668 48.15069351196289
0.7545079112052917 20.274889755249024
3.4902581334114076 19.684716081619264
2.019837427139282 42.32585525512695
-1352.469469833374 111.02085189819336
1.4572994709014893 7.577729272842407
-6.744116270542145 7.645641136169433
2.6717566013336183 22.472560596466064
-11.731688499450684 93.76590270996094
-16.82294683456421 32.746674346923825
-10.643056392669678 54.6781810760498
14.114104175567627 11.940595149993896
0.5793875455856323 8.240011548995971
5.862556982040405 19.730050086975098
-9.721543788909912 77.13571891784667
-5.04668402671814 12.617417001724244
4.180048418045044 9.8802321434021
-18.103791427612304 140.92588958740234
9.305249404907226 20.423705577850342
-2.0973064422607424 46.74485549926758
2.433208632469177 57.23501892089844
10.534994411468507 34.32927341461182
-9.022014236450195 143.70179290771483
10.789041996002197 31.992860984802245
-1.3742519617080688 6.36508150100708
4.381610035896301 4.924096250534058
5.625210618972778 2.812063193321228
8.626008129119873 10.140981340408326
2.749959397315979 1.1047567486763001
11.865290260314941 8.333453035354614
-7.211418008804321 17.280504035949708
10.815409183502197 52.253737449645996
11.796520233154297 6.316159462928772
5.684151744842529 10.535646915435791
-2.2629677057266235 10.72349853515625
6.45064754486084 8.745050477981568
5.710881900787354 9.946955394744872
5.129202079772949 13.353318977355958
3.079373133182526 16.68893527984619
1.6955368638038635 5.22820394039154
0.948946875333786 7.707360410690308
4.907883262634277 17.41699113845825
-12.3095383644104 223.4236183166504
3.7285587072372435 19.520776653289794
7.710383701324463 17.54270181655884
-7.456565809249878 23.50882225036621
-59.613037109375 84.84508819580078
-1209.512225341797 26.269983100891114
69.7767463684082 5.119981455802917
6.478599786758423 9.429302453994751
4.477235126495361 7.715152072906494
5.663871574401855 10.587337207794189
-0.18549109548330306 80.71634178161621
-0.107318464666605 3.4705022990703585
-3.0428722143173217 14.909025859832763
8.295135974884033 2.2770678400993347
3.4435524225234984 38.475393295288086
5.315868234634399 13.281602573394775
1.9163769721984862 1.358888816833496
-11.760667419433593 199.7077507019043
11.088694858551026 109.55978088378906
9.380710983276368 8.279606914520263
16.266423416137695 18.81002197265625
10.779138660430908 62.43833427429199
6.399421310424804 17.041880416870118
-2.9206701278686524 13.618088245391846
4.144927501678467 26.839769172668458
9.181725788116456 5.574217391014099
-7.663567638397216 55.449762439727785
4.376229524612427 12.103174018859864
-4.1269817590713505 7.803855085372925
1.9103501796722413 11.104883193969727
3.4010034084320067 23.1750244140625
-1.1731940627098083 71.91677837371826
4.000343251228332 29.519426345825195
-2.8381147623062133 43.1000560760498
0.26329980939626696 6.290637993812561
-0.46001853942871096 15.006441497802735
-0.4275878697633743 2.1654976844787597
-3.0831701517105103 7.628630495071411
-26.88716220855713 168.51887435913085
10.818210029602051 37.29986400604248
9.278758716583251 44.91310119628906
-6.637366199493409 27.473532485961915
-0.7875373303890228 60.36898498535156
-6.900483131408691 36.091268920898436
-11.621180438995362 226.79620819091798
4.695428276062012 2.657280206680298
-6.4572751998901365 44.54496040344238
-0.18678888566792012 16.05721559524536
0.7990794777870178 5.237212920188904
5.6273102283477785 2.585305368900299
-4.9650431156158445 40.30176181793213
2.5490413904190063 3.8995885372161867
-9.464691543579102 20.779309344291686
0.18099091723561286 19.686366271972656
-4.065102505683899 52.52914276123047
3.8595914363861086 65.95008392333985
-5.847931909561157 19.653843116760253
1.0212454855442048 7.322185707092285
-0.8161752045154571 9.771871852874757
-2.1683985233306884 55.00600318908691
-3.9839715003967284 6.192190361022949
-0.8429481029510498 6.846427488327026
5.923102951049804 90.0594539642334
-14.174676322937012 7.271431350708008
-4.894330644607544 10.838911437988282
-5.0763814687728885 8.755670642852783
-7.857769727706909 13.692042827606201
1.3313362777233124 2.5908201694488526
-7.373434448242188 162.46563949584962
-5.127798223495484 15.541153478622437
-5.576817560195923 6.891123914718628
-13.478638172149658 16.398807287216187
0.5235014766454696 32.27511024475098
-0.6783585906028747 42.69177761077881
1.9745496273040772 10.827693939208984
-2.6424590587615966 14.921664047241212
